[General Settings]
auto_save_params = True
laserpower = 22.0
gain_a = 1.0
gain_b = 6.2
gain_c = 1.0
samplefreq = 100.0

[Scan Parameters]
freq = 1700.4389531347833
time = 0.2007
ampcos = 1.0498574398423037
ampsin = 0.9001863897513984
theta = 9.38850721103872
phaserel = 6.559456167198711

[Brake Parameters]
freqcos = 1885.9954222222227
freqsin = 1868.2907888888892
timecos = 0.1082
timesin = 0.2349
timerest = 0.1
ampcos = -0.7555555555555546
ampsin = -0.6555555555555544
theta = 50
phase = 18.333333333333336
phaserel = 38.99532222222223

[State]
fov = 100um
fps = 10fps
